800 0.87788127687
900 0.684779576559
1000 0.501132127609
1100 0.36308350004
1200 0.264428955024
1300 0.194185141092
1400 0.143949987214
1500 0.107686625778
1600 0.081250698438
1700 0.0617865972876
1800 0.0473211290775
1900 0.036470567028
2000 0.028264702842
2100 0.0220166641964
2200 0.017227050816
2300 0.0135322735563
2400 0.0106677154122
2500 0.00844177865429
2600 0.00668811670921
2700 0.0053161896428
2800 0.0042330997401
2900 0.00337696423848
3000 0.00269810096948
3100 0.00215845395325
3200 0.00172855863804
3300 0.00138553913849
3400 0.0011112745558
3500 0.000891685864862
3600 0.000715686931245
3700 0.000574518953361
3800 0.00046106512533
3900 0.000370065185336
4000 0.00029693097455
