600 0.284661980434
700 0.272914058128
800 0.261650969371
900 0.214441321871
1000 0.154574943266
1100 0.107827338434
1200 0.0745338022671
1300 0.0514876043074
1400 0.0356539338107
1500 0.0247732314395
1600 0.0172733996912
1700 0.0120821895508
1800 0.00847300076602
1900 0.00595422797036
2000 0.00419066816807
2100 0.00295212146285
2200 0.00208011586814
2300 0.00146529835949
2400 0.00103123906811
2500 0.000725012700572
2600 0.000508866856718
2700 0.000356363328488
2800 0.000248856991426
2900 0.000173322177576
3000 0.000120276053397
3100 8.33068321315e-05
3200 5.77008314104e-05
3300 3.99653409002e-05
3400 2.76812037925e-05
3500 1.91728389185e-05
3600 1.32796880855e-05
3700 9.19791358999e-06
3800 6.37075312798e-06
3900 4.41257628923e-06
4000 3.05628378893e-06
