800 2.443194
900 1.998592
1000 1.496337
1100 1.098693
1200 0.806498
1300 0.595158
1400 0.4424849
1500 0.3315552
1600 0.2503634
1700 0.1904291
1800 0.1457998
1900 0.112309
2000 0.0869803
2100 0.0676978
2200 0.0529245
2300 0.04153777
2400 0.03271728
2500 0.0258632
2600 0.02048075
2700 0.0162689
2800 0.01294875
2900 0.01033079
3000 0.00824794
3100 0.006597687
3200 0.005284101
3300 0.004236516
3400 0.003399351
3500 0.002729329
3600 0.002192383
3700 0.00176167
3800 0.001415571
3900 0.001137787
4000 0.000914411
