800 1.03475969384
900 0.893761222653
1000 0.683869890491
1100 0.507843419502
1200 0.375263808266
1300 0.278090842284
1400 0.207332840907
1500 0.15565759441
1600 0.117704331722
1700 0.0896197691119
1800 0.0686699705467
1900 0.052928047693
2000 0.0410107870088
2100 0.0319312080978
2200 0.024970624002
2300 0.0196030508013
2400 0.0154435509436
2500 0.0122103298737
2600 0.00967058828941
2700 0.007682780065
2800 0.00611551944665
2900 0.00487952854081
3000 0.00389604616175
3100 0.00311673253538
3200 0.00249634434385
3300 0.00200154185931
3400 0.00160609713144
3500 0.00128958458642
3600 0.00103591885623
3700 0.000832430589999
3800 0.000668910022258
3900 0.000537660853548
4000 0.000432114425519
