600 0.792236913528
700 0.695338486123
800 0.610291696875
900 0.475153958709
1000 0.335770600262
1100 0.231899686148
1200 0.159394752254
1300 0.109731672803
1400 0.075819504
1500 0.0526040362478
1600 0.036641746867
1700 0.025611498691
1800 0.0179516315643
1900 0.012610396618
2000 0.00887288347486
2100 0.0062491899036
2200 0.00440257430783
2300 0.00310092247142
2400 0.00218213624737
2500 0.00153403355103
2600 0.00107663153569
2700 0.000753936894967
2800 0.000526471763663
2900 0.00036666200819
3000 0.000254436896393
3100 0.000176226715946
3200 0.000122057201033
3300 8.45386026967e-05
3400 5.85526727259e-05
3500 4.05544375467e-05
3600 2.80885966116e-05
3700 1.94545728492e-05
3800 1.34745217063e-05
3900 9.33265081801e-06
4000 6.46393045994e-06
