800 0.680775523935
900 0.591673771253
1000 0.454159345347
1100 0.338000295002
1200 0.25035291137
1300 0.185956077196
1400 0.138969522927
1500 0.104582708662
1600 0.0792670588414
1700 0.0604912420724
1800 0.0464592541075
1900 0.035887601008
2000 0.027864814398
2100 0.0217388547378
2200 0.017031850896
2300 0.0133937824759
2400 0.0105685781054
2500 0.00837022900189
2600 0.00663616711821
2700 0.005278211356
2800 0.0042051742544
2900 0.00335633783793
3000 0.00268279471235
3100 0.00214704480847
3200 0.00172002640009
3300 0.00137913558597
3400 0.00110645546424
3500 0.000888052863268
3600 0.000712939236815
3700 0.000572437490178
3800 0.00045948573908
3900 0.000368865174678
4000 0.00029601804785
