800 1.36304333279
900 1.05197969288
1000 0.765013815265
1100 0.55176532575
1200 0.40017045672
1300 0.292772592824
1400 0.216275814637
1500 0.1612584675
1600 0.121297177258
1700 0.0919726742301
1800 0.070238613
1900 0.05399054004
2000 0.0417403629114
2100 0.0324383919564
2200 0.0253271126325
2300 0.0198560465324
2400 0.015624659285
2500 0.0123410205901
2600 0.00976551413577
2700 0.0077521821857
2800 0.00616656010715
2900 0.0049172700244
3000 0.00392404587398
3100 0.00313761083314
3200 0.00251197249524
3300 0.00201328017575
3400 0.00161494091185
3500 0.00129626273721
3600 0.00104097749255
3700 0.000836270248278
3800 0.000671829204328
3900 0.000539884518404
4000 0.000433810845617
