800 1.587885
900 1.311017
1000 0.986533
1100 0.726923
1200 0.535394
1300 0.396314
1400 0.2955239
1500 0.2220732
1600 0.1681478
1700 0.1282276
1800 0.0984325
1900 0.076006
2000 0.058998
2100 0.0460178
2200 0.036048
2300 0.02834447
2400 0.02236348
2500 0.01771031
2600 0.01404043
2700 0.0111668
2800 0.0088963
2900 0.00710031
3000 0.00567529
3100 0.004541857
3200 0.003638481
3300 0.002917336
3400 0.002340501
3500 0.001878491
3600 0.001508065
3700 0.001210857
3800 0.00097193
3900 0.000780241
4000 0.00062615
