800 0.485162055924
900 0.367200116325
1000 0.263881687656
1100 0.18868182571
1200 0.135741501696
1300 0.098587451732
1400 0.072325827423
1500 0.053571841722
1600 0.0400464788196
1700 0.0301860769425
1800 0.0229174839225
1900 0.017519973012
2000 0.0134756600694
2100 0.01042172776
2200 0.0081000618165
2300 0.0063237729761
2400 0.0049569438728
2500 0.00389924193585
2600 0.00307739742656
2700 0.0024359925429
2800 0.00193346036705
2900 0.00154030578592
3000 0.0012259449045
3100 0.00097915687989
3200 0.0007834138572
3300 0.00062774103726
3400 0.00050366635605
3500 0.000404576872352
3600 0.0003252905613
3700 0.000261751294917
3800 0.000210764078998
3900 0.000169819333068
4000 0.000136879871067
