600 1.24814244092
700 1.07557145337
800 0.927412461361
900 0.713932087238
1000 0.501224345552
1100 0.344369395813
1200 0.235656081602
1300 0.161596025345
1400 0.111272572599
1500 0.0769738154104
1600 0.0534825139389
1700 0.0373086528786
1800 0.0261103211337
1900 0.0183228958532
2000 0.0128861551299
2100 0.00907632273441
2200 0.0063984065429
2300 0.00451197549755
2400 0.00318097129632
2500 0.00224158130615
2600 0.00157807240926
2700 0.00110915316621
2800 0.000778097241951
2900 0.000544760174765
3000 0.000380319887257
3100 0.000265134306891
3200 0.000184850114304
3300 0.000128887458797
3400 8.98750136557e-05
3500 6.26765197734e-05
3600 4.37127967038e-05
3700 3.04895028354e-05
3800 2.1268180203e-05
3900 1.48370910671e-05
4000 1.03515607004e-05
