800 0.353984169903
900 0.3020874514
1000 0.229710545144
1100 0.1698431245
1200 0.124910896896
1300 0.092134765088
1400 0.06836331798
1500 0.051074885748
1600 0.0384372728808
1700 0.0291285270395
1800 0.0222107164392
1900 0.017040446685
2000 0.0131459726108
2100 0.01019235336
2200 0.007938773106
2300 0.0062092683254
2400 0.0048749728382
2500 0.00384010087179
2600 0.0030344211712
2700 0.002404568709
2800 0.00191034519225
2900 0.00152319070288
3000 0.0012132514494
3100 0.00096968772691
3200 0.00077631794376
3300 0.00062240627334
3400 0.0004996416672
3500 0.00040153172315
3600 0.000322979619414
3700 0.000259993099821
3800 0.000209424283178
3900 0.00016879567887
4000 0.000136096377669
