600 0.154695806951
700 0.142489189565
800 0.131245762526
900 0.104907572226
1000 0.0745512026351
1100 0.051381751446
1200 0.0351373045117
1300 0.0240314467705
1400 0.0164920506489
1500 0.0113688376498
1600 0.00787335965548
1700 0.00547769656534
1800 0.00382564609609
1900 0.0026814212236
2000 0.0018854187882
2100 0.00132911175589
2200 0.00093884783879
2300 0.000664095877083
2400 0.000470290001734
2500 0.0003332625431
2600 0.000236258880103
2700 0.000167410018502
2800 0.000118617506042
2900 8.39743998511e-05
3000 5.93659420908e-05
3100 4.19360520647e-05
3200 2.96235922625e-05
3300 2.09260809095e-05
3400 1.47821661314e-05
3500 1.04421098476e-05
3600 7.37629770219e-06
3700 5.21061055531e-06
3800 3.6807709579e-06
3900 2.60009354004e-06
4000 1.83670391184e-06
